07:32:57	24.44 , 0.07 , 8.29 
07:33:57	24.93 , 0.07 , 8.29 
07:34:58	24.93 , 0.08 , 10.16
07:35:58	24.44 , 0.34 , 40.21
07:36:58	26.39 , 0.34 , 40.21
07:37:58	28.84 , 0.33 , 39.78 
07:38:58	30.79 , 0.33 , 39.78 
07:39:58	33.24 , 0.33 , 39.78 
07:40:58	35.19 , 0.34 , 40.21 
07:41:58	36.66 , 0.34 , 40.63 
07:42:58	38.12 , 0.33 , 39.78 
07:43:58	40.57 , 0.33 , 39.78 
07:44:58	42.03 , 0.33 , 39.34 
07:45:59	43.99 , 0.33 , 39.34 
07:46:59	43.99 , 0.33 , 39.78 
07:47:59	45.45 , 0.34 , 40.21 
07:48:59	47.41 , 0.33 , 39.78 
07:49:59	47.90 , 0.34 , 40.21 
07:50:59	48.39 , 0.33 , 39.78 
07:51:59	49.36 , 0.34 , 40.21 
07:52:59	50.34 , 0.33 , 39.34 
07:53:59	50.83 , 0.34 , 40.21 
07:54:59	52.30 , 0.33 , 39.78 
07:55:59	50.83 , 0.32 , 38.90 
07:57:00	50.83 , 0.34 , 40.21 
07:58:00	51.81 , 0.34 , 40.21 
07:59:00	51.81 , 0.34 , 40.21 
08:00:00	53.76 , 0.34 , 40.63 
08:01:00	53.27 , 0.33 , 39.78 
08:02:00	54.25 , 0.33 , 39.34 
08:03:00	54.74 , 0.34 , 40.21 
08:04:00	55.23 , 0.34 , 40.21 
08:05:00	54.74 , 0.33 , 39.78 
08:06:00	56.21 , 0.34 , 40.63 
08:07:00	56.70 , 0.32 , 38.90 
08:08:01	56.70 , 0.34 , 40.21 
08:09:01	56.70 , 0.34 , 40.21 
08:10:01	56.70 , 0.34 , 40.63 
08:11:01	58.16 , 0.33 , 39.78 
08:12:01	58.16 , 0.34 , 40.21 
08:13:01	58.16 , 0.33 , 39.78 
08:14:01	58.16 , 0.33 , 39.78 
08:15:01	58.16 , 0.33 , 39.78 
08:16:01	57.67 , 0.34 , 40.63 
08:17:01	58.65 , 0.33 , 39.78 
08:18:01	59.14 , 0.34 , 40.21 
08:19:01	58.16 , 0.34 , 40.21 
08:20:02	59.63 , 0.33 , 39.78 
08:21:02	58.65 , 0.33 , 39.78 
08:22:02	58.16 , 0.33 , 39.78 
08:23:02	59.14 , 0.33 , 39.78 
08:24:02	59.14 , 0.33 , 39.78 
08:25:02	59.14 , 0.33 , 39.78 
08:26:02	59.63 , 0.33 , 39.78
08:27:02	58.65 , 0.34 , 40.21 
08:28:02	60.12 , 0.33 , 39.78 
08:29:02	59.14 , 0.34 , 40.21 
08:30:02	58.65 , 0.33 , 39.78 
08:31:03	59.14 , 0.33 , 39.78 
08:32:03	60.12 , 0.34 , 40.21 
08:33:03	59.63 , 0.33 , 39.78 
08:34:03	60.12 , 0.33 , 39.78 
08:35:03	57.18 , 0.33 , 39.34 
08:36:03	57.18 , 0.33 , 39.78 
08:37:03	57.18 , 0.33 , 39.78 
08:38:03	57.67 , 0.33 , 39.34 
08:39:03	58.65 , 0.33 , 39.78 
08:40:03	58.16 , 0.33 , 39.78 
08:41:03	57.18 , 0.33 , 39.78 
08:42:04	57.67 , 0.33 , 39.78 
08:43:04	58.16 , 0.33 , 39.78 
08:44:04	58.16 , 0.33 , 39.78 
08:45:04	56.70 , 0.33 , 39.78 
08:46:04	56.70 , 0.33 , 39.78 
08:47:04	57.18 , 0.34 , 40.21 
08:48:04	56.70 , 0.33 , 39.78 
08:49:04	56.21 , 0.33 , 39.34 
08:50:04	55.72 , 0.33 , 39.78 
08:51:94	57.18 , 0.34 , 40.21 
08:52:04	56.21 , 0.34 , 40.21 
08:53:05	57.18 , 0.32 , 38.90 
08:54:05	57.18 , 0.33 , 39.78 
08:55:05	55.72 , 0.32 , 38.90 
08:56:05	55.72 , 0.34 , 40.21 
08:57:05	56.70 , 0.34 , 40.21 
08:58:05	55.72 , 0.34 , 40.21 
08:59:05	56.70 , 0.33 , 39.78 
09:00:05	55.72 , 0.33 , 39.34 
09:01:05	56.70 , 0.33 , 39.34 
09:02:05	56.21 , 0.33 , 39.78 
09:03:05	55.23 , 0.33 , 39.78 
09:04:05	54.74 , 0.33 , 39.78 
09:05:06	56.21 , 0.33 , 39.78 
09:06:06	54.74 , 0.33 , 39.78 
09:07:06	54.74 , 0.34 , 40.21 
09:08:06	54.74 , 0.33 , 39.78 
09:09:06	55.23 , 0.33 , 39.78 
09:10:06	54.74 , 0.33 , 39.78 
09:11:06	54.74 , 0.33 , 39.78 
09:12:06	55.23 , 0.33 , 39.34 
09:13:06	53.76 , 0.33 , 39.78 
09:14:06	55.23 , 0.34 , 40.21 
09:15:07	53.76 , 0.34 , 40.21 
09:16:07	54.74 , 0.33 , 39.78 
09:17:07	54.25 , 0.34 , 40.21 
09:18:07	54.74 , 0.33 , 39.78 
09:19:07	54.74 , 0.33 , 39.34 
09:20:07	54.74 , 0.33 , 39.34 
09:21:07	55.23 , 0.33 , 39.34 
09:22:07	56.21 , 0.33 , 39.34
09:23:07	55.72 , 0.33 , 39.34 
09:24:07	56.21 , 0.33 , 39.34 
09:25:07	54.74 , 0.32 , 38.90 
09:26:07	55.23 , 0.33 , 39.78 
09:27:08	55.72 , 0.33 , 39.78 
09:28:08	55.23 , 0.33 , 39.34 
09:29:08	55.23 , 0.33 , 39.78 
09:30:08	54.74 , 0.33 , 39.34 
09:31:08	55.23 , 0.33 , 39.34 
09:32:08	54.25 , 0.33 , 39.34 
09:33:08	55.23 , 0.33 , 39.34 
09:34:08	55.23 , 0.33 , 39.78 
09:35:08	55.23 , 0.34 , 40.21 
09:36:08	55.23 , 0.33 , 39.78 
09:37:08	55.72 , 0.34 , 40.63 
09:38:09	55.72 , 0.34 , 40.21 
09:39:09	56.21 , 0.33 , 39.78 
09:40:09	55.72 , 0.33 , 39.78 
09:41:09	55.23 , 0.33 , 39.78 
09:42:09	55.72 , 0.33 , 39.34 
09:43:09	56.70 , 0.34 , 40.21 
09:44:09	56.21 , 0.33 , 39.78 
09:45:09	56.21 , 0.34 , 40.21 
09:46:09	54.74 , 0.33 , 39.78 
09:47:09	55.23 , 0.34 , 40.21 
09:48:09	56.21 , 0.33 , 39.78 
09:49:10	55.72 , 0.33 , 39.78 
09:50:10	54.74 , 0.33 , 39.78 
09:51:10	55.72 , 0.33 , 39.34 
09:52:10	52.79 , 0.34 , 40.21 
09:53:10	56.21 , 0.34 , 40.21 
09:54:10	56.21 , 0.34 , 40.21 
09:55:10	56.21 , 0.33 , 39.78 
09:56:10	56.70 , 0.33 , 39.34 
09:57:10	56.21 , 0.33 , 39.78 
09:58:10	56.21 , 0.34 , 40.21 
09:59:10	56.21 , 0.33 , 39.34 
10:00:11	55.72 , 0.33 , 39.78 
10:01:11	55.72 , 0.34 , 40.21 
10:02:11	56.21 , 0.33 , 39.78 
10:03:11	57.67 , 0.33 , 39.78 
10:04:11	56.21 , 0.33 , 39.34 
10:05:11	56.21 , 0.34 , 40.21 
10:06:11	56.21 , 0.33 , 39.34 
10:07:11	55.23 , 0.33 , 39.34 
10:08:11	57.67 , 0.33 , 39.78 
10:09:11	55.23 , 0.33 , 39.34 
10:10:11	56.21 , 0.33 , 39.78 
10:11:11	57.18 , 0.32 , 38.90 
10:12:12	56.70 , 0.33 , 39.78 
10:13:12	57.18 , 0.32 , 38.46 
10:14:12	56.21 , 0.33 , 39.34 
10:15:12	56.21 , 0.33 , 39.78 
10:16:12	55.72 , 0.33 , 39.34 
10:17:12	57.67 , 0.33 , 39.78 
10:18:12	55.72 , 0.32 , 38.90 
10:19:12	54.74 , 0.33 , 39.78 
10:20:12	56.21 , 0.33 , 39.34 
10:21:12	56.21 , 0.33 , 39.34 
10:22:12	56.21 , 0.33 , 39.34 
10:23:13	55.23 , 0.33 , 39.34 
10:24:13	56.21 , 0.33 , 39.78
10:25:13	54.74 , 0.33 , 39.78 
10:26:13	56.21 , 0.33 , 39.34 
10:27:13	55.23 , 0.33 , 39.78 
10:28:13	55.23 , 0.33 , 39.78 
10:29:13	55.23 , 0.33 , 39.34 
10:30:13	54.25 , 0.34 , 40.21 
10:31:13	55.72 , 0.33 , 39.78 
10:32:13	56.21 , 0.33 , 39.34 
10:33:13	54.74 , 0.33 , 39.78 
10:34:14	54.74 , 0.33 , 39.34 
10:35:14	55.72 , 0.33 , 39.78 
10:36:14	56.21 , 0.33 , 39.34 
10:37:14	55.72 , 0.32 , 38.90 
10:38:14	55.23 , 0.33 , 39.34 
10:39:14	55.72 , 0.33 , 39.34 
10:40:14	55.72 , 0.33 , 39.78 
10:41:14	55.23 , 0.33 , 39.78 
10:42:14	56.21 , 0.33 , 39.78 
10:43:14	56.70 , 0.32 , 38.90 
10:44:14	57.18 , 0.33 , 39.34 
10:45:14	56.70 , 0.33 , 39.78 
10:46:15	54.74 , 0.34 , 40.21
10:47:15	55.72 , 0.34 , 40.21 
10:48:15	56.70 , 0.33 , 39.78 
10:49:15	56.21 , 0.34 , 40.21 
10:50:15	56.70 , 0.34 , 40.21 
10:51:15	55.72 , 0.34 , 40.21 
10:52:15	54.74 , 0.33 , 39.34 
10:53:15	54.74 , 0.32 , 38.90 
10:54:15	55.72 , 0.32 , 38.90 
10:55:15	55.72 , 0.33 , 39.78 
10:56:15	56.21 , 0.33 , 39.78 
10:57:16	54.74 , 0.33 , 39.78 
10:58:16	56.70 , 0.32 , 38.90 
10:59:16	54.25 , 0.33 , 39.78 
11:00:16	55.23 , 0.33 , 39.78 
11:01:16	56.21 , 0.33 , 39.78 
11:02:16	55.72 , 0.33 , 39.78 
11:03:16	56.70 , 0.33 , 39.78
11:04:16	55.72 , 0.33 , 39.34 
11:05:16	56.21 , 0.33 , 39.34 
11:06:16	56.21 , 0.33 , 39.78 
11:07:16	56.21 , 0.34 , 40.21 
11:08:17	55.72 , 0.33 , 39.34 
11:09:17	55.72 , 0.33 , 39.34 
11:10:17	53.27 , 0.33 , 39.34 
11:11:17	54.25 , 0.33 , 39.34 
11:12:17	55.72 , 0.33 , 39.34 
11:13:17	55.72 , 0.33 , 39.78 
11:14:17	54.74 , 0.33 , 39.78 
11:15:17	54.74 , 0.33 , 39.34 
11:16:17	55.23 , 0.33 , 39.78 
11:17:17	54.74 , 0.33 , 39.34 
11:18:17	54.25 , 0.33 , 39.78 
11:19:18	54.74 , 0.33 , 39.78 
11:20:18	55.72 , 0.33 , 39.78 
11:21:18	53.76 , 0.33 , 39.78 
11:22:18	54.25 , 0.32 , 38.90 
11:23:18	55.23 , 0.32 , 38.46 
11:24:18	52.79 , 0.33 , 39.34 
11:25:18	54.25 , 0.33 , 39.78 
11:26:18	50.83 , 0.34 , 40.21 
11:27:18	52.30 , 0.33 , 39.34 
11:28:18	51.81 , 0.33 , 39.78 
11:29:18	51.32 , 0.33 , 39.78 
11:30:18	51.81 , 0.33 , 39.78 
11:31:19	52.79 , 0.33 , 39.78 
11:32:19	51.32 , 0.33 , 39.34 
11:33:19	53.27 , 0.33 , 39.78 
11:34:19	52.30 , 0.33 , 39.78 
11:35:19	52.79 , 0.33 , 39.78 
11:36:19	53.27 , 0.33 , 39.34 
11:37:19	53.27 , 0.33 , 39.34 
11:38:19	53.27 , 0.33 , 39.78 
11:39:19	54.25 , 0.33 , 39.34 
11:40:19	53.27 , 0.33 , 39.78 
11:41:20	52.30 , 0.34 , 40.21 
11:42:20	50.34 , 0.33 , 39.34 
11:43:20	53.27 , 0.33 , 39.34 
11:44:20	52.79 , 0.33 , 39.78 
11:45:20	51.81 , 0.33 , 39.78 
11:46:20	52.79 , 0.34 , 40.21 
11:47:20	52.30 , 0.33 , 39.78 
11:48:20	51.81 , 0.33 , 39.78 
11:49:20	51.81 , 0.34 , 40.63 
11:50:20	54.25 , 0.34 , 40.21 
11:51:20	54.25 , 0.32 , 38.90 
11:52:20	54.25 , 0.33 , 39.78 
11:53:21	53.27 , 0.33 , 39.78 
11:54:21	51.81 , 0.33 , 39.78 
11:55:21	51.81 , 0.32 , 38.90 
11:56:21	51.81 , 0.33 , 39.78 
11:57:21	53.76 , 0.33 , 39.78 
11:58:21	53.27 , 0.33 , 39.78 
11:59:21	52.79 , 0.34 , 40.21 
12:00:21	53.27 , 0.33 , 39.34 
12:01:21	53.76 , 0.33 , 39.78 
12:02:21	53.27 , 0.33 , 39.34 
12:03:21	54.74 , 0.33 , 39.78 
12:04:22	49.85 , 0.34 , 40.21 
12:05:22	51.32 , 0.34 , 40.21 
12:06:22	51.81 , 0.34 , 40.21 
12:07:22	51.81 , 0.33 , 39.78 
12:08:22	52.79 , 0.33 , 39.78 
12:09:22	53.27 , 0.34 , 40.21 
12:10:22	52.30 , 0.34 , 40.21 
12:11:22	52.30 , 0.34 , 40.21 
12:12:22	50.83 , 0.33 , 39.78 
12:13:22	52.79 , 0.33 , 39.78 
12:14:22	51.32 , 0.33 , 39.78 
12:15:22	51.32 , 0.33 , 39.78 
12:16:23	51.32 , 0.33 , 39.78 
12:17:23	52.79 , 0.34 , 40.21 
12:18:23	51.81 , 0.33 , 39.78 
12:19:23	51.32 , 0.33 , 39.78 
12:20:23	52.79 , 0.34 , 40.21 
12:21:23	53.76 , 0.34 , 40.21 
12:22:23	53.76 , 0.33 , 39.78 
12:23:23	54.25 , 0.33 , 39.78 
12:24:23	53.76 , 0.34 , 40.63 
12:25:23	52.79 , 0.33 , 39.78 
12:26:23	52.30 , 0.33 , 39.78 
12:27:24	51.32 , 0.33 , 39.34 
12:28:24	52.79 , 0.32 , 38.90 
12:29:24	53.27 , 0.33 , 39.78 
12:30:24	52.30 , 0.33 , 39.34 
12:31:24	50.34 , 0.33 , 39.78 
12:32:24	50.34 , 0.33 , 39.34 
12:33:24	51.32 , 0.33 , 39.78 
12:34:24	52.30 , 0.33 , 39.34 
12:35:24	51.81 , 0.33 , 39.78 
12:36:24	50.83 , 0.33 , 39.78 
12:37:24	50.83 , 0.33 , 39.34 
12:38:25	53.76 , 0.34 , 40.21 
12:39:25	52.30 , 0.33 , 39.34 
12:40:25	51.32 , 0.33 , 39.78 
12:41:25	52.30 , 0.32 , 38.90 
12:42:25	52.30 , 0.34 , 40.21 
12:43:25	52.30 , 0.33 , 39.34 
12:44:25	52.30 , 0.33 , 39.78 
12:45:25	53.27 , 0.33 , 39.34 
12:46:25	52.79 , 0.33 , 39.78 
12:47:25	52.30 , 0.33 , 39.34 
12:48:25	51.81 , 0.34 , 40.21 
12:49:25	51.32 , 0.33 , 39.78 
12:50:26	51.32 , 0.33 , 39.34 
12:51:26	53.27 , 0.33 , 39.78 
12:52:26	51.81 , 0.34 , 40.63 
12:53:26	51.81 , 0.34 , 40.21 
12:54:26	51.81 , 0.33 , 39.34 
12:55:26	52.79 , 0.33 , 39.78 
12:56:26	52.30 , 0.33 , 39.78 
12:57:26	52.30 , 0.33 , 39.78 
12:58:26	52.30 , 0.33 , 39.34 
12:59:26	53.76 , 0.33 , 39.78 
13:00:26	53.27 , 0.34 , 40.21 
13:01:27	51.81 , 0.33 , 39.34 
13:02:27	54.25 , 0.32 , 38.90 
13:03:27	53.27 , 0.34 , 40.21 
13:04:27	53.27 , 0.33 , 39.78 
13:05:27	54.74 , 0.33 , 39.78 
13:06:27	54.25 , 0.33 , 39.34 
13:07:27	52.30 , 0.33 , 39.34 
13:08:27	53.76 , 0.32 , 38.90 
13:09:27	53.27 , 0.32 , 38.90 
13:10:27	53.27 , 0.33 , 39.78 
13:11:27	52.79 , 0.33 , 39.34 
13:12:28	54.25 , 0.33 , 39.34 
13:13:28	52.30 , 0.33 , 39.34 
13:14:28	52.79 , 0.33 , 39.78 
13:15:28	51.81 , 0.32 , 38.90 
13:16:28	53.27 , 0.33 , 39.34 
13:17:28	52.79 , 0.32 , 38.90 
13:18:28	54.74 , 0.33 , 39.34 
13:19:28	52.79 , 0.33 , 39.34 
13:20:28	52.79 , 0.33 , 39.34 
13:21:28	53.27 , 0.33 , 39.78 
13:22:28	53.76 , 0.33 , 39.34 
13:23:28	52.79 , 0.34 , 40.21 
13:24:29	52.79 , 0.33 , 39.34 
13:25:29	52.79 , 0.33 , 39.78 
13:26:29	54.25 , 0.33 , 39.34 
13:27:29	53.76 , 0.33 , 39.78 
13:28:29	52.30 , 0.34 , 40.21 
13:29:29	53.27 , 0.33 , 39.78 
13:30:29	52.79 , 0.34 , 40.21 
13:31:29	53.27 , 0.33 , 39.78 
13:32:29	53.76 , 0.33 , 39.78 
13:33:29	53.27 , 0.33 , 39.34 
13:34:29	54.74 , 0.33 , 39.34 
13:35:30	54.25 , 0.33 , 39.34 
13:36:30	55.23 , 0.33 , 39.34 
13:37:30	52.79 , 0.33 , 39.34 
13:38:30	52.79 , 0.32 , 38.90 
13:39:30	53.27 , 0.34 , 40.21 
13:40:30	52.79 , 0.33 , 39.78 
13:41:30	53.76 , 0.33 , 39.34 
13:42:30	53.27 , 0.33 , 39.34 
13:43:30	53.27 , 0.33 , 39.34 
13:44:30	52.79 , 0.33 , 39.78 
13:45:30	52.79 , 0.33 , 39.34 
13:46:31	52.30 , 0.34 , 40.21 
13:47:31	52.30 , 0.33 , 39.34 
13:48:31	51.32 , 0.34 , 40.21 
13:49:31	50.83 , 0.33 , 39.34 
13:50:31	48.88 , 0.33 , 39.78 
13:51:31	49.85 , 0.34 , 40.21 

