11:30:04	24.93 , 0.05 , 5.87
11:31:04	24.44 , 0.05 , 5.87
11:32:04	24.44 , 0.14 , 16.59 
11:33:04	24.44 , 0.32 , 38.90 
11:34:04	26.39 , 0.32 , 38.01 
11:35:04	27.37 , 0.46 , 55.02 
11:36:04	28.84 , 0.32 , 38.90 
11:37:04	30.79 , 0.33 , 39.34 
11:38:04	32.75 , 0.32 , 38.90 
11:39:04	34.70 , 0.32 , 38.01 
11:40:04	36.66 , 0.32 , 38.90 
11:41:05	38.12 , 0.33 , 39.34 
11:42:05	39.10 , 0.32 , 38.46 
11:43:05	40.57 , 0.32 , 38.01 
11:44:05	42.52 , 0.32 , 38.46 
11:45:05	44.48 , 0.32 , 38.90 
11:46:05	44.97 , 0.31 , 37.55 
11:47:05	45.94 , 0.32 , 38.46 
11:48:05	46.43 , 0.32 , 38.90 
11:49:05	48.39 , 0.32 , 38.90 
11:50:05	48.39 , 0.32 , 38.90 
11:51:05	49.36 , 0.32 , 38.01 
11:52:06	49.85 , 0.33 , 39.34 
11:53:06	50.34 , 0.32 , 38.90 
11:54:06	51.32 , 0.32 , 38.46 
11:55:06	51.32 , 0.32 , 38.90 
11:56:06	51.81 , 0.33 , 39.34 
11:57:06	53.27 , 0.32 , 38.90 
11:58:06	52.79 , 0.33 , 39.78 
11:59:06	53.27 , 0.35 , 41.89 
12:00:06	53.27 , 0.42 , 50.11 
12:01:06	53.76 , 0.41 , 49.42 
12:02:06	54.25 , 0.41 , 48.72 
12:03:07	54.25 , 0.41 , 49.07 
12:04:07	54.74 , 0.42 , 50.11 
12:05:07	54.74 , 0.41 , 49.77 
12:06:07	54.25 , 0.41 , 49.77 
12:07:07	56.21 , 0.41 , 49.42 
12:08:07	54.25 , 0.42 , 50.11 
12:09:07	57.18 , 0.42 , 50.11 
12:10:07	56.70 , 0.42 , 50.11 
12:11:07	56.70 , 0.42 , 50.11 
12:12:07	56.21 , 0.41 , 49.42 
12:13:07	56.70 , 0.42 , 50.11 
12:14:08	58.16 , 0.41 , 49.77 
12:15:08	56.70 , 0.41 , 49.42 
12:16:08	56.21 , 0.41 , 49.77 
12:17:08	53.76 , 0.42 , 50.79 
12:18:08	55.72 , 0.42 , 50.11 
12:19:08	56.21 , 0.41 , 49.77 
12:20:08	56.21 , 0.42 , 50.45 
12:21:08	55.72 , 0.42 , 50.45 
12:22:08	56.70 , 0.42 , 50.79 
12:23:08	58.16 , 0.42 , 50.45 
12:24:08	57.67 , 0.43 , 51.13 
12:25:09	57.18 , 0.43 , 51.47 
12:26:09	57.67 , 0.43 , 51.13 
12:27:09	57.67 , 0.43 , 51.80 
12:28:09	57.18 , 0.43 , 51.13 
12:29:09	56.70 , 0.43 , 51.80 
12:30:09	57.67 , 0.43 , 51.13 
12:31:09	57.67 , 0.42 , 50.79 
12:32:09	56.70 , 0.42 , 50.45 
12:33:09	56.21 , 0.42 , 50.11 
12:34:09	55.72 , 0.42 , 50.45 
12:35:09	57.18 , 0.41 , 49.77 
12:36:09	57.18 , 0.41 , 49.77 
12:37:10	57.18 , 0.41 , 49.77 
12:38:10	56.70 , 0.41 , 49.42 
12:39:10	58.16 , 0.41 , 48.72 
12:40:10	57.67 , 0.41 , 48.72 
12:41:10	56.70 , 0.41 , 49.42 
12:42:10	58.16 , 0.40 , 48.01 
12:43:10	56.70 , 0.40 , 47.65 
12:44:10	58.16 , 0.40 , 48.01 
12:45:10	57.18 , 0.40 , 48.36 
12:46:10	58.16 , 0.40 , 48.01 
12:47:10	59.14 , 0.40 , 47.65 
12:48:11	58.16 , 0.40 , 48.36 
12:49:11	57.67 , 0.40 , 47.65 
12:50:11	58.65 , 0.41 , 48.72 
12:51:11	58.16 , 0.41 , 48.72 
12:52:11	58.65 , 0.40 , 48.36 
12:53:11	57.67 , 0.41 , 49.07 
12:54:11	58.16 , 0.41 , 49.42 
12:55:11	58.16 , 0.41 , 49.07 
12:56:11	59.14 , 0.41 , 48.72 
12:57:11	57.18 , 0.41 , 48.72 
12:58:11	57.67 , 0.41 , 49.07 
12:59:12	58.16 , 0.41 , 49.42 
13:00:12	57.67 , 0.41 , 49.77 
13:01:12	58.65 , 0.41 , 49.07 
13:02:12	58.65 , 0.41 , 49.77 
13:03:12	58.65 , 0.42 , 50.11 
13:04:12	58.16 , 0.42 , 50.11 
13:05:12	59.63 , 0.41 , 49.42 
13:06:12	58.65 , 0.42 , 50.11 
13:07:12	58.16 , 0.41 , 49.07 
13:08:12	58.65 , 0.41 , 49.77 
13:09:12	58.16 , 0.42 , 50.11 
13:10:13	58.65 , 0.42 , 50.11 
13:11:13	58.16 , 0.42 , 50.11 
13:12:13	59.14 , 0.41 , 49.77 
13:13:13	59.14 , 0.41 , 49.77 
13:14:13	59.63 , 0.42 , 50.11 
13:15:13	60.12 , 0.43 , 51.13 
13:16:13	59.63 , 0.42 , 50.79 
13:17:13	58.65 , 0.42 , 50.79 
13:18:13	58.65 , 0.42 , 50.79 
13:19:13	57.18 , 0.43 , 51.13 
13:20:13	59.14 , 0.43 , 51.13 
13:21:14	59.14 , 0.43 , 51.80 
13:22:14	58.16 , 0.44 , 52.46 
13:23:14	59.63 , 0.44 , 52.79 
13:24:14	59.63 , 0.44 , 52.79 
13:25:14	60.12 , 0.44 , 53.11 
13:26:14	59.63 , 0.44 , 52.46 
13:27:14	60.12 , 0.45 , 54.39 
13:28:14	60.61 , 0.45 , 54.39 
13:29:14	60.12 , 0.46 , 55.33 
13:30:14	60.61 , 0.48 , 57.17 
13:31:14	60.12 , 0.49 , 58.36 
13:32:15	60.61 , 0.51 , 60.67 
13:33:15	59.63 , 0.52 , 62.62 
13:34:15	60.12 , 0.57 , 68.65 
13:35:15	59.63 , 0.50 , 59.81 
13:36:15	59.14 , 0.31 , 36.63 
13:37:15	59.14 , 0.31 , 37.09 
13:38:15	59.14 , 0.31 , 36.63 
13:39:15	59.14 , 0.31 , 37.55 
13:40:15	59.14 , 0.31 , 36.63 
13:41:15	59.63 , 0.31 , 37.55 
13:42:15	59.63 , 0.31 , 37.09 
13:43:15	59.63 , 0.31 , 37.55 
13:44:16	60.12 , 0.31 , 37.09 
13:45:16	59.63 , 0.31 , 37.09 
13:46:16	59.14 , 0.31 , 37.55 
13:47:16	59.63 , 0.31 , 37.55 
13:48:16	60.12 , 0.32 , 38.46 
13:49:16	59.14 , 0.33 , 39.78 
13:50:16	60.12 , 0.35 , 41.47 
13:51:16	60.12 , 0.32 , 38.01 
13:52:16	59.63 , 0.31 , 37.09 
13:53:16	60.12 , 0.31 , 37.55 
13:54:16	59.63 , 0.31 , 37.55 
13:55:17	59.14 , 0.31 , 37.55 
13:56:17	58.16 , 0.31 , 37.55 
13:57:17	60.12 , 0.32 , 38.01 
13:58:17	59.63 , 0.31 , 37.55 
13:59:17	60.12 , 0.31 , 37.09 
14:00:17	60.61 , 0.31 , 37.09 
14:01:17	59.63 , 0.31 , 37.09 
14:02:17	60.12 , 0.31 , 37.55 
14:03:17	60.12 , 0.31 , 37.09 
14:04:17	60.12 , 0.32 , 38.01 
14:05:17	60.12 , 0.31 , 37.55 
14:06:18	59.14 , 0.31 , 37.09 
14:07:18	60.61 , 0.31 , 37.55 
14:08:18	60.12 , 0.31 , 36.63 
14:09:18	60.12 , 0.31 , 37.55 
14:10:18	60.12 , 0.31 , 37.55 
14:11:18	59.14 , 0.31 , 37.09 
14:12:18	60.12 , 0.31 , 37.09 
14:13:18	60.12 , 0.31 , 37.09 
14:14:18	59.63 , 0.31 , 37.09 
14:15:18	59.63 , 0.30 , 36.15 
14:16:18	59.14 , 0.31 , 37.09 
14:17:19	60.12 , 0.31 , 37.09 
14:18:19	59.63 , 0.31 , 36.63 
14:19:19	59.63 , 0.31 , 36.63 
14:20:19	59.63 , 0.31 , 37.55 
14:21:19	59.63 , 0.31 , 36.63 
14:22:19	59.63 , 0.31 , 37.09 
14:23:19	59.63 , 0.31 , 37.09 
14:24:19	59.63 , 0.31 , 36.63 
14:25:19	59.63 , 0.31 , 37.55 
14:26:19	59.14 , 0.31 , 37.09 
14:27:19	59.14 , 0.31 , 36.63 
14:28:20	60.12 , 0.31 , 36.63 
14:29:20	60.12 , 0.31 , 36.63 
14:30:20	59.63 , 0.31 , 36.63 
14:31:20	59.63 , 0.31 , 37.09 
14:32:20	59.63 , 0.31 , 36.63 
14:33:20	60.12 , 0.31 , 37.09 
14:34:20	60.12 , 0.31 , 37.09 
14:35:20	60.61 , 0.30 , 36.15 
14:36:20	60.12 , 0.31 , 37.55 
14:37:20	59.14 , 0.31 , 36.63 
14:38:20	60.12 , 0.31 , 37.09 
14:39:21	60.12 , 0.31 , 37.09 
14:40:21	59.14 , 0.31 , 37.09 
14:41:21	60.12 , 0.30 , 36.15 
14:42:21	60.12 , 0.31 , 37.55 
14:43:21	60.61 , 0.31 , 37.09 
14:44:21	60.12 , 0.31 , 36.63 
14:45:21	60.12 , 0.31 , 37.09 
14:46:21	61.09 , 0.31 , 37.09 
14:47:21	59.63 , 0.31 , 37.09 
14:48:21	60.12 , 0.31 , 36.63 
14:49:21	60.12 , 0.31 , 36.63 
14:50:21	60.61 , 0.31 , 37.09 
14:51:22	60.12 , 0.31 , 36.63 
14:52:22	59.63 , 0.31 , 36.63 
14:53:22	60.61 , 0.31 , 36.63 
14:54:22	61.09 , 0.31 , 36.63 
14:55:22	61.09 , 0.31 , 36.63 
14:56:22	61.09 , 0.31 , 37.09 
14:57:22	61.09 , 0.31 , 36.63 
14:58:22	60.12 , 0.31 , 37.09 
14:59:22	57.18 , 0.31 , 37.09 
15:00:22	61.09 , 0.31 , 37.09 
15:01:22	61.09 , 0.31 , 36.63 
15:02:23	60.61 , 0.31 , 37.09 
15:03:23	60.61 , 0.31 , 36.63 
15:04:23	60.12 , 0.31 , 37.09 
15:05:23	60.61 , 0.31 , 36.63 
15:06:23	60.61 , 0.31 , 37.09 
15:07:23	60.61 , 0.31 , 37.55 
15:08:23	60.61 , 0.31 , 37.09 
15:09:23	60.12 , 0.31 , 37.09 
15:10:23	60.61 , 0.31 , 36.63 
15:11:23	59.63 , 0.31 , 37.09 
15:12:23	60.12 , 0.31 , 37.09 
15:13:23	60.12 , 0.31 , 36.63 
15:14:24	60.12 , 0.31 , 36.63 
15:15:24	60.12 , 0.31 , 36.63 
15:16:24	60.61 , 0.31 , 36.63 
15:17:24	60.61 , 0.31 , 37.09 
15:18:24	59.14 , 0.31 , 37.09 
15:19:24	59.63 , 0.31 , 36.63 
15:20:24	60.12 , 0.31 , 37.09 
15:21:24	60.12 , 0.31 , 37.09 
15:22:24	59.63 , 0.31 , 36.63 
15:23:24	59.14 , 0.31 , 36.63 
15:24:24	60.12 , 0.31 , 36.63
15:25:25	59.63 , 0.31 , 36.63 
15:26:25	60.12 , 0.31 , 36.63 
15:27:25	59.63 , 0.31 , 36.63 
15:28:25	59.63 , 0.31 , 36.63 
15:29:25	59.14 , 0.31 , 37.09 
15:30:25	59.63 , 0.31 , 36.63 
15:31:25	60.12 , 0.31 , 36.63 
15:32:25	61.09 , 0.31 , 37.55 
15:33:25	60.12 , 0.31 , 37.55 
15:34:25	60.12 , 0.31 , 36.63 
15:35:26	60.61 , 0.31 , 37.09 
15:36:26	61.58 , 0.31 , 37.09 
15:37:26	60.61 , 0.31 , 37.55 
15:38:26	60.61 , 0.31 , 36.63 
15:39:26	61.09 , 0.31 , 36.63 
15:40:26	60.12 , 0.31 , 37.09 
15:41:26	60.12 , 0.31 , 36.63 
15:42:26	59.14 , 0.31 , 36.63 
15:43:26	60.12 , 0.31 , 37.55 
15:44:26	60.61 , 0.31 , 36.63 
15:45:26	60.12 , 0.31 , 37.09 
15:46:27	61.09 , 0.31 , 36.63 
15:47:27	60.12 , 0.31 , 37.09 
15:48:27	60.12 , 0.31 , 36.63 
15:49:27	61.09 , 0.32 , 38.01 
15:50:27	60.61 , 0.31 , 37.09 
15:51:27	60.12 , 0.31 , 37.09 
15:52:27	60.12 , 0.31 , 36.63 
15:53:27	61.09 , 0.31 , 37.09 
15:54:27	60.12 , 0.31 , 37.55
15:55:27	60.12 , 0.31 , 37.09 
15:56:28	60.61 , 0.31 , 37.09 
15:57:28	61.09 , 0.31 , 37.09 
15:58:28	59.63 , 0.31 , 37.09 
15:59:28	61.09 , 0.31 , 36.63 
16:00:28	60.12 , 0.31 , 37.55 
16:01:28	57.67 , 0.31 , 37.09 
16:02:28	60.12 , 0.31 , 36.63 
16:03:28	60.61 , 0.31 , 37.55 
16:04:28	60.61 , 0.31 , 37.55 
16:05:28	61.09 , 0.31 , 36.63 
16:06:28	60.12 , 0.31 , 37.55 
16:07:28	59.14 , 0.31 , 37.55 
16:08:29	61.09 , 0.31 , 36.63 
16:09:29	59.63 , 0.31 , 37.09 
16:10:29	60.12 , 0.31 , 36.63 
16:11:29	61.09 , 0.31 , 37.55 
16:12:29	60.61 , 0.30 , 36.15 
16:13:29	60.61 , 0.31 , 37.09 
16:14:29	59.63 , 0.31 , 36.63 
16:15:29	60.12 , 0.31 , 37.09 
16:16:29	61.09 , 0.30 , 36.15 
16:17:29	60.12 , 0.31 , 37.09 
16:18:29	60.12 , 0.31 , 37.55 
16:19:30	61.58 , 0.31 , 36.63 
16:20:30	60.61 , 0.31 , 37.09 
16:21:30	60.12 , 0.31 , 37.09 
16:22:30	60.12 , 0.31 , 37.09 
16:23:30	60.61 , 0.31 , 36.63 
16:24:30	60.61 , 0.31 , 37.09 
16:25:30	61.09 , 0.30 , 36.15 
16:26:30	61.09 , 0.30 , 36.15 
16:27:30	60.61 , 0.31 , 36.63 
16:28:30	59.63 , 0.31 , 36.63 
16:29:30	60.61 , 0.30 , 36.15 
16:30:31	59.63 , 0.31 , 37.09 
16:31:31	60.12 , 0.31 , 36.63 
16:32:31	59.63 , 0.31 , 37.09 
16:33:31	60.61 , 0.31 , 36.63 
16:34:31	60.61 , 0.31 , 36.63 
16:35:31	59.14 , 0.31 , 36.63 
16:36:31	59.63 , 0.31 , 37.09 
16:37:31	60.12 , 0.30 , 36.15 
16:38:31	59.63 , 0.30 , 36.15 
16:39:31	59.63 , 0.31 , 36.63 
16:40:31	59.63 , 0.31 , 37.09 
16:41:31	60.12 , 0.30 , 36.15 
16:42:32	60.12 , 0.30 , 36.15 
16:43:32	59.63 , 0.30 , 36.15 
16:44:32	60.12 , 0.30 , 36.15 
16:45:32	61.58 , 0.31 , 37.55 
16:46:32	61.09 , 0.31 , 37.09 
16:47:32	61.09 , 0.31 , 37.09 
16:48:32	61.09 , 0.31 , 37.09 
16:49:32	59.63 , 0.31 , 37.09 
16:50:32	60.61 , 0.31 , 37.09 
16:51:32	60.12 , 0.31 , 37.55 
16:52:33	60.61 , 0.31 , 36.63 
16:53:33	61.09 , 0.31 , 37.09 
16:54:33	60.12 , 0.31 , 37.09 
16:55:33	60.12 , 0.31 , 37.55 
16:56:33	60.61 , 0.31 , 37.09 
16:57:33	60.61 , 0.31 , 37.09 
16:58:33	60.61 , 0.29 , 35.19
16:59:33	59.63 , 0.30 , 36.15 
17:00:33	60.12 , 0.31 , 36.63 
17:01:33	59.63 , 0.31 , 36.63 
17:02:33	60.61 , 0.31 , 36.63 
17:03:33	61.09 , 0.31 , 37.09 
17:04:34	59.14 , 0.31 , 36.63 
17:05:34	59.63 , 0.31 , 37.55 
17:06:34	60.12 , 0.31 , 36.63 
17:07:34	60.61 , 0.31 , 36.63 
17:08:34	60.61 , 0.31 , 36.63 
17:09:34	60.61 , 0.31 , 36.63 
17:10:34	60.61 , 0.31 , 37.09 
17:11:34	60.61 , 0.31 , 36.63 
17:12:34	58.16 , 0.31 , 37.09 
17:13:34	58.16 , 0.31 , 37.09 
17:14:35	60.61 , 0.31 , 37.09 
17:15:35	60.61 , 0.31 , 37.09 
17:16:35	60.12 , 0.31 , 37.09 
17:17:35	59.63 , 0.31 , 37.09 
17:18:35	60.12 , 0.31 , 37.09 
17:19:35	59.63 , 0.30 , 36.15 
17:20:35	60.12 , 0.31 , 36.63 
17:21:35	60.12 , 0.30 , 35.68 
17:22:35	60.12 , 0.31 , 37.09 
17:23:35	60.12 , 0.31 , 37.09 
17:24:35	60.12 , 0.31 , 37.09 
17:25:35	59.63 , 0.30 , 36.15 
17:26:36	59.63 , 0.31 , 36.63 
17:27:36	59.63 , 0.31 , 36.63 
17:28:36	60.12 , 0.31 , 36.63 
17:29:36	59.63 , 0.31 , 36.63 
17:30:36	60.12 , 0.31 , 36.63 
17:31:36	59.63 , 0.31 , 36.63 
17:32:36	59.63 , 0.31 , 37.09 
17:33:36	60.12 , 0.31 , 36.63 
17:34:36	60.61 , 0.31 , 37.09 
17:35:36	61.09 , 0.31 , 37.55 
17:36:36	60.12 , 0.31 , 37.55 
17:37:37	60.12 , 0.31 , 37.09 
17:38:37	61.09 , 0.31 , 37.09 
17:39:37	61.58 , 0.31 , 37.55 
17:40:37	61.09 , 0.31 , 36.63 
17:41:37	60.61 , 0.31 , 37.09 
17:42:37	61.09 , 0.30 , 36.15 
17:43:37	61.58 , 0.30 , 36.15 
17:44:37	61.58 , 0.31 , 36.63 
17:45:37	60.12 , 0.31 , 36.63 
17:46:37	60.61 , 0.31 , 37.09 
17:47:37	59.14 , 0.31 , 37.55 
17:48:38	60.12 , 0.31 , 37.09 
17:49:38	60.61 , 0.31 , 37.09 
17:50:38	60.61 , 0.31 , 36.63 
17:51:38	60.12 , 0.31 , 37.55 
17:52:38	61.09 , 0.31 , 37.09 
17:53:38	61.09 , 0.31 , 37.55 
17:54:38	60.61 , 0.31 , 36.63 
17:55:38	61.09 , 0.31 , 36.63 
17:56:38	61.09 , 0.31 , 37.09 
17:57:38	60.61 , 0.31 , 37.55 
17:58:38	59.63 , 0.31 , 37.09 
17:59:39	60.61 , 0.31 , 36.63 
18:00:39	60.12 , 0.31 , 37.09 
18:01:39	60.12 , 0.31 , 36.63 
18:02:39	60.12 , 0.31 , 37.09 
18:03:39	61.09 , 0.31 , 36.63 
18:04:39	60.61 , 0.31 , 37.09 
18:05:39	61.09 , 0.31 , 36.63 
18:06:39	61.09 , 0.31 , 36.63 
18:07:39	60.12 , 0.31 , 36.63 
18:08:39	61.09 , 0.30 , 36.15 
18:09:39	60.61 , 0.31 , 36.63 
18:10:40	60.61 , 0.31 , 37.09 
18:11:40	60.61 , 0.30 , 36.15 
18:12:40	61.09 , 0.31 , 37.09 
18:13:40	61.09 , 0.31 , 37.09 
18:14:40	60.12 , 0.31 , 37.09 
18:15:40	61.09 , 0.31 , 37.09 
18:16:40	61.09 , 0.31 , 36.63 
18:17:40	61.58 , 0.31 , 37.09 
18:18:40	60.61 , 0.31 , 37.09 
18:19:40	60.12 , 0.31 , 37.09 
18:20:40	60.12 , 0.31 , 37.09 
18:21:41	60.61 , 0.31 , 36.63 
18:22:41	60.61 , 0.31 , 37.55 
18:23:41	61.09 , 0.31 , 37.09 
18:24:41	60.12 , 0.31 , 36.63 
18:25:41	61.09 , 0.30 , 36.15 
18:26:41	61.09 , 0.31 , 37.55 
18:27:41	60.12 , 0.31 , 37.09 
18:28:41	60.61 , 0.31 , 37.09 
18:29:41	60.61 , 0.31 , 37.09 
18:30:41	61.58 , 0.31 , 36.63 
18:31:41	61.09 , 0.31 , 37.09 
18:32:42	60.61 , 0.31 , 37.55 
18:33:42	60.61 , 0.31 , 37.55 
18:34:42	61.09 , 0.31 , 37.09 
18:35:42	60.61 , 0.31 , 37.55 
18:36:42	61.09 , 0.32 , 38.01 
18:37:42	60.61 , 0.31 , 37.09 
18:38:42	61.09 , 0.31 , 37.09 
18:39:42	61.09 , 0.31 , 37.09 
18:40:42	61.09 , 0.31 , 37.55 
18:41:42	61.09 , 0.31 , 37.09 
18:42:42	61.09 , 0.31 , 37.55 
18:43:43	61.09 , 0.31 , 37.09 
18:44:43	61.58 , 0.31 , 37.09 
18:45:43	61.58 , 0.31 , 37.55 
18:46:43	61.09 , 0.31 , 37.09 
18:47:43	61.09 , 0.31 , 37.55 
18:48:43	60.61 , 0.32 , 38.01 
18:49:43	61.09 , 0.31 , 37.09 
18:50:43	61.09 , 0.31 , 37.09 
18:51:43	61.09 , 0.31 , 37.09 
18:52:43	61.09 , 0.31 , 37.09 
18:53:43	61.09 , 0.31 , 37.09 
18:54:44	60.61 , 0.31 , 37.09 
18:55:44	60.61 , 0.31 , 37.55 
18:56:44	61.09 , 0.31 , 37.09 
18:57:44	61.09 , 0.31 , 36.63 
18:58:44	59.63 , 0.32 , 38.01 
18:59:44	60.61 , 0.31 , 37.09 
19:00:44	60.12 , 0.31 , 37.09 
19:01:44	61.09 , 0.31 , 37.09 
19:02:44	59.63 , 0.31 , 37.09 
19:03:44	59.14 , 0.30 , 36.15 
19:04:44	60.61 , 0.31 , 37.09 
19:05:45	60.12 , 0.31 , 36.63 
19:06:45	61.09 , 0.31 , 37.09 
19:07:45	60.12 , 0.31 , 36.63 
19:08:45	59.14 , 0.31 , 37.55 
19:09:45	58.65 , 0.31 , 37.09 
19:10:45	59.63 , 0.31 , 37.09 
19:11:45	60.12 , 0.31 , 37.09 
19:12:45	60.12 , 0.31 , 37.09 
19:13:45	59.14 , 0.31 , 37.09 
19:14:45	59.14 , 0.31 , 37.09 
19:15:45	59.14 , 0.31 , 36.63 
19:16:46	58.16 , 0.31 , 37.09 
19:17:46	59.63 , 0.31 , 37.09 
19:18:46	58.65 , 0.31 , 37.09 
19:19:46	61.09 , 0.31 , 36.63 
19:20:46	61.09 , 0.31 , 37.09 
19:21:46	61.58 , 0.31 , 36.63 
19:22:46	60.61 , 0.31 , 37.09 
19:23:46	59.63 , 0.31 , 37.09 
19:24:46	60.61 , 0.31 , 37.09 
19:25:46	61.58 , 0.31 , 37.09 
19:26:46	61.09 , 0.31 , 36.63 
19:27:47	60.61 , 0.31 , 36.63 
19:28:47	61.58 , 0.31 , 36.63 
19:29:47	61.09 , 0.31 , 37.55 
19:30:47	60.61 , 0.31 , 37.55 
19:31:47	59.63 , 0.31 , 37.55 
19:32:47	60.61 , 0.31 , 36.63 
19:33:47	60.61 , 0.31 , 37.55 
19:34:47	61.58 , 0.31 , 37.09 
19:35:47	61.58 , 0.31 , 37.09 
19:36:47	61.09 , 0.30 , 35.68 
19:37:47	61.09 , 0.30 , 36.15 
19:38:48	61.09 , 0.31 , 37.55 
19:39:48	61.58 , 0.30 , 36.15 
19:40:48	59.63 , 0.30 , 36.15 
19:41:48	60.61 , 0.31 , 37.55 
19:42:48	59.63 , 0.31 , 37.09 
19:43:48	59.63 , 0.31 , 36.63 
19:44:48	60.61 , 0.31 , 37.55 
19:45:48	60.12 , 0.30 , 36.15 
19:46:48	60.61 , 0.31 , 37.09 
19:47:48	60.61 , 0.31 , 37.55
19:48:48	61.09 , 0.31 , 37.09 
19:49:49	60.61 , 0.32 , 38.01 
19:50:49	61.58 , 0.31 , 37.09 
19:51:49	59.63 , 0.31 , 37.55 
19:52:49	58.65 , 0.31 , 37.55 
19:53:49	59.63 , 0.31 , 37.09 
19:54:49	61.09 , 0.31 , 37.09 
19:55:49	61.58 , 0.31 , 37.09 
19:56:49	61.58 , 0.31 , 37.09 
19:57:49	60.61 , 0.31 , 37.09 
19:58:49	61.09 , 0.31 , 37.55 
19:59:49	61.58 , 0.31 , 37.55 
20:00:50	60.61 , 0.31 , 37.55 
20:01:50	60.61 , 0.31 , 37.09 
20:02:50	61.58 , 0.31 , 37.55 
20:03:50	61.09 , 0.31 , 37.09 
20:04:50	60.12 , 0.31 , 37.55 
20:05:50	60.12 , 0.31 , 37.09 
20:06:50	61.58 , 0.31 , 37.09 
20:07:50	62.07 , 0.31 , 36.63 
20:08:50	61.09 , 0.31 , 37.09 
20:09:50	60.61 , 0.31 , 37.09 
20:10:50	61.09 , 0.31 , 37.09 
20:11:50	60.12 , 0.31 , 37.55 
20:12:51	61.09 , 0.31 , 37.55 
20:13:51	61.09 , 0.31 , 36.63 
20:14:51	61.58 , 0.31 , 36.63 
20:15:51	61.58 , 0.31 , 37.55 
20:16:51	61.58 , 0.31 , 36.63 
20:17:51	62.07 , 0.31 , 37.55 
20:18:51	60.12 , 0.32 , 38.01 
20:19:51	59.63 , 0.31 , 37.55 
20:20:51	61.58 , 0.31 , 37.55 
20:21:51	62.07 , 0.31 , 37.55 
20:22:52	62.56 , 0.32 , 38.01 
20:23:52	61.58 , 0.31 , 36.63 
20:24:52	59.14 , 0.31 , 37.55 
20:25:52	60.12 , 0.31 , 37.09 
20:26:52	61.09 , 0.31 , 37.55 
20:27:52	61.09 , 0.31 , 36.63 
20:28:52	61.58 , 0.31 , 37.09 
20:29:52	61.58 , 0.31 , 37.55 
20:30:52	62.07 , 0.31 , 36.63 
20:31:52	61.58 , 0.31 , 37.09 
20:32:52	62.07 , 0.31 , 37.55 
20:33:53	62.56 , 0.31 , 37.09 
20:34:53	61.09 , 0.31 , 37.55 
20:35:53	62.56 , 0.31 , 37.09 
20:36:53	62.07 , 0.31 , 36.63 
20:37:53	60.61 , 0.31 , 37.09 
20:38:53	60.61 , 0.31 , 37.09 
20:39:53	61.58 , 0.31 , 36.63 
20:40:53	62.07 , 0.31 , 37.09 
20:41:53	61.58 , 0.31 , 37.09 
20:42:53	61.09 , 0.31 , 36.63 
20:43:53	61.09 , 0.31 , 37.09 
20:44:53	60.61 , 0.31 , 36.63 
20:45:54	60.12 , 0.31 , 37.55 
20:46:54	60.12 , 0.31 , 37.09 
20:47:54	60.12 , 0.31 , 37.09
20:48:54	60.61 , 0.31 , 36.63 
20:49:54	61.58 , 0.31 , 37.09 
20:50:54	61.09 , 0.31 , 37.55 
20:51:54	60.61 , 0.31 , 37.09 
20:52:54	61.58 , 0.31 , 37.55 
20:53:54	61.09 , 0.31 , 37.55 
20:54:54	61.09 , 0.31 , 37.09 
20:55:54	60.12 , 0.31 , 37.55 
20:56:55	61.09 , 0.31 , 37.09 
20:57:55	60.61 , 0.31 , 37.09 
20:58:55	60.12 , 0.31 , 37.55 
20:59:55	61.58 , 0.31 , 36.63 
21:00:55	61.09 , 0.31 , 37.09 
21:01:55	61.58 , 0.31 , 36.63 
21:02:55	61.58 , 0.31 , 36.63 
21:03:55	62.07 , 0.31 , 37.09 
21:04:55	62.07 , 0.31 , 36.63 
21:05:55	60.61 , 0.31 , 37.09 
21:06:55	61.58 , 0.31 , 37.09 
21:07:56	61.09 , 0.31 , 36.63 
21:08:56	61.58 , 0.31 , 37.09 
21:09:56	61.09 , 0.31 , 37.09 
21:10:56	60.61 , 0.31 , 37.09 
21:11:56	60.61 , 0.31 , 37.09 
21:12:56	61.58 , 0.31 , 36.63 
21:13:56	61.09 , 0.31 , 37.09 
21:14:56	60.61 , 0.31 , 37.09 
21:15:56	61.58 , 0.31 , 37.09 
21:16:56	62.07 , 0.31 , 37.09 
21:17:56	61.09 , 0.31 , 36.63 
21:18:57	62.07 , 0.31 , 37.09 
21:19:57	60.61 , 0.31 , 37.09 
21:20:57	61.09 , 0.31 , 37.09 
21:21:57	61.09 , 0.31 , 37.55 
21:22:57	61.09 , 0.31 , 37.09 
21:23:57	60.61 , 0.31 , 37.09 
21:24:57	61.09 , 0.31 , 36.63 
21:25:57	60.61 , 0.31 , 36.63 
21:26:57	61.09 , 0.31 , 37.09 
21:27:57	61.09 , 0.31 , 36.63 
21:28:57	60.61 , 0.31 , 37.09 
21:29:58	60.12 , 0.31 , 36.63 
21:30:58	60.61 , 0.31 , 37.09 
21:31:58	60.12 , 0.31 , 37.09 
21:32:58	60.12 , 0.31 , 37.09 
21:33:58	60.12 , 0.31 , 37.09 
21:34:58	60.12 , 0.31 , 37.55 
21:35:58	60.61 , 0.31 , 37.09 
21:36:58	60.12 , 0.31 , 36.63 
21:37:58	60.12 , 0.31 , 37.09 
21:38:58	59.63 , 0.31 , 36.63 
21:39:58	60.61 , 0.31 , 37.09 
21:40:59	60.12 , 0.31 , 37.09 
21:41:59	60.61 , 0.31 , 37.09 
21:42:59	60.12 , 0.31 , 37.09 
21:43:59	60.61 , 0.31 , 36.63 
21:44:59	60.12 , 0.31 , 37.09 
21:45:59	60.12 , 0.30 , 36.15 
21:46:59	59.63 , 0.31 , 37.09 
21:47:59	59.63 , 0.31 , 36.63 
21:48:59	60.12 , 0.31 , 36.63 
21:49:59	59.63 , 0.31 , 37.55 
21:50:59	60.12 , 0.31 , 37.55 
21:52:00	60.61 , 0.31 , 37.09 
21:53:00	59.63 , 0.31 , 37.55 
21:54:00	59.63 , 0.31 , 36.63 
21:55:00	59.63 , 0.31 , 37.09 
21:56:00	59.63 , 0.31 , 37.09 
21:57:00	60.12 , 0.31 , 36.63 
21:58:00	59.63 , 0.31 , 36.63 
21:59:00	60.12 , 0.31 , 37.55 
22:00:00	60.12 , 0.31 , 37.09 
22:01:00	60.12 , 0.31 , 36.63 
22:02:00	59.63 , 0.31 , 36.63 
22:03:01	59.63 , 0.31 , 37.09 
22:04:01	59.63 , 0.31 , 37.55 
22:05:01	59.63 , 0.31 , 36.63 
22:06:01	60.12 , 0.31 , 36.63 
22:07:01	60.61 , 0.31 , 37.09 
22:08:01	60.12 , 0.31 , 36.63 
22:09:01	60.12 , 0.31 , 36.63 
22:10:01	60.12 , 0.31 , 37.09 
22:11:01	58.65 , 0.31 , 37.09 
22:12:01	59.63 , 0.31 , 37.09 
22:13:01	59.63 , 0.31 , 36.63 
22:14:02	60.12 , 0.31 , 37.09 
22:15:02	60.61 , 0.31 , 36.63 
22:16:02	60.61 , 0.31 , 37.09 
22:17:02	62.07 , 0.31 , 37.55 
22:18:02	59.14 , 0.31 , 37.09 
22:19:02	59.14 , 0.31 , 37.55 
22:20:02	60.12 , 0.31 , 37.09 
22:21:02	60.12 , 0.31 , 37.09 
22:22:02	60.12 , 0.31 , 37.55 
22:23:02	60.12 , 0.31 , 37.09 
22:24:02	59.63 , 0.31 , 37.09 
22:25:03	60.12 , 0.31 , 37.09 
22:26:03	61.09 , 0.31 , 37.55 
22:27:03	60.61 , 0.31 , 37.55 
22:28:03	60.61 , 0.31 , 37.09 
22:29:03	60.61 , 0.31 , 37.55 
22:30:03	60.61 , 0.31 , 37.55 
22:31:03	61.09 , 0.31 , 37.09 
22:32:03	59.63 , 0.31 , 37.09 
22:33:03	60.61 , 0.31 , 37.09 
22:34:03	60.12 , 0.31 , 36.63 
22:35:03	61.09 , 0.31 , 37.55 
22:36:03	61.58 , 0.31 , 36.63 
22:37:04	60.61 , 0.32 , 38.01 
22:38:04	60.61 , 0.31 , 36.63 
22:39:04	60.61 , 0.31 , 37.09 
22:40:04	60.61 , 0.31 , 37.09 
22:41:04	60.12 , 0.31 , 36.63 
22:42:04	59.63 , 0.31 , 37.09 
22:43:04	59.63 , 0.31 , 37.09 
22:44:04	60.12 , 0.31 , 37.09 

